data11
11
-1 91 90 92 82 98 97 82 92 83 84
91 -1 85 90 86 92 88 94 85 88 80
90 85 -1 89 91 82 97 99 84 82 83
92 90 89 -1 95 92 85 95 92 93 99
82 86 91 95 -1 82 85 80 82 89 98
98 92 82 92 82 -1 89 97 82 84 81
97 88 97 85 85 89 -1 92 95 96 99
82 94 99 95 80 97 92 -1 98 95 86
92 85 84 92 82 82 95 98 -1 99 88
83 88 82 93 89 84 96 95 99 -1 99
84 80 83 99 98 81 99 86 88 99 -1
