data12
12
-1 83 81 85 95 89 93 93 81 90 86 81
83 -1 94 94 85 87 89 99 86 89 93 98
81 94 -1 99 85 90 98 96 82 85 92 85
85 94 99 -1 93 82 82 98 98 99 95 87
95 85 85 93 -1 88 86 97 93 87 86 87
89 87 90 82 88 -1 85 90 96 88 86 86
93 89 98 82 86 85 -1 96 91 86 81 94
93 99 96 98 97 90 96 -1 91 80 92 98
81 86 82 98 93 96 91 91 -1 89 84 93
90 89 85 99 87 88 86 80 89 -1 85 91
86 93 92 95 86 86 81 92 84 85 -1 99
81 98 85 87 87 86 94 98 93 91 99 -1
